
24828.00	2007.33	  29.90	  67.15	153536640.00
24611.52	1989.94	  29.66	  67.09	147573776.00
24689.76	1996.22	  29.73	  67.15	142716960.00
24110.40	1949.68	  29.07	  67.07	140315552.00
24861.60	2010.03	  29.94	  67.14	158234528.00
23882.40	1931.37	  28.80	  67.07	145268864.00
23706.96	1917.27	  28.62	  67.00	128055072.00
24503.04	1981.22	  29.49	  67.18	143114432.00
24066.48	1946.15	  29.02	  67.06	152233216.00
24177.60	1955.08	  29.17	  67.03	141259216.00
24360.48	1969.77	  29.34	  67.13	148278144.00
23804.88	1925.14	  28.72	  67.04	143954080.00
23728.32	1918.99	  28.59	  67.12	152918224.00
24145.20	1952.48	  29.13	  67.03	148447840.00
23255.52	1881.01	  28.07	  67.01	146808256.00
23768.40	1922.21	  28.65	  67.10	152119824.00
24463.44	1978.04	  29.44	  67.20	151486608.00
23586.48	1907.59	  28.43	  67.10	132182856.00
23651.28	1912.80	  28.53	  67.04	140035840.00
24398.64	1972.84	  29.43	  67.03	143982448.00
24641.28	1992.33	  29.68	  67.12	148169408.00
23176.32	1874.64	  27.99	  66.97	136587200.00
24289.92	1964.10	  29.27	  67.09	147045360.00
24402.24	1973.13	  29.41	  67.09	143467920.00
24415.44	1974.19	  29.42	  67.10	154621504.00
23995.68	1940.47	  28.89	  67.16	155455584.00
24257.52	1961.50	  29.22	  67.13	149123808.00
23992.08	1940.18	  28.93	  67.06	135765600.00
23793.60	1924.23	  28.68	  67.10	142619488.00
24300.24	1964.93	  29.29	  67.09	153611728.00
24717.12	1998.42	  29.77	  67.13	155629040.00
23968.56	1938.29	  28.91	  67.05	142546144.00
24126.24	1950.95	  29.09	  67.07	147530560.00
24016.56	1942.14	  28.98	  67.01	147054560.00
23780.88	1923.21	  28.67	  67.08	144201680.00
24107.28	1949.43	  29.04	  67.14	150221328.00
23962.56	1937.81	  28.92	  67.01	147696144.00
24884.64	2011.88	  29.97	  67.12	150821648.00
24260.88	1961.77	  29.27	  67.03	152054368.00
24216.00	1958.17	  29.18	  67.10	139500144.00
23720.64	1918.37	  28.62	  67.03	149739024.00
24084.96	1947.64	  29.05	  67.04	143914096.00
23995.92	1940.49	  28.96	  67.01	142439648.00
23454.72	1897.01	  28.29	  67.07	153731856.00
24884.16	2011.84	  29.95	  67.18	140195520.00
23955.84	1937.27	  28.86	  67.13	146917344.00
23564.16	1905.80	  28.42	  67.06	141164416.00
23918.40	1934.26	  28.85	  67.04	138920016.00
24060.00	1945.63	  29.00	  67.08	147412960.00
24315.12	1966.13	  29.32	  67.05	138104176.00
24526.80	1983.13	  29.59	  67.03	152455296.00
-----------------------------------------------------

24420.24	3806.09	  29.45	 129.23	155442688.00
24239.52	3778.02	  29.24	 129.22	149429552.00
24220.08	3775.00	  29.18	 129.36	145006288.00
24075.60	3752.56	  29.04	 129.23	149044864.00
24352.80	3795.62	  29.36	 129.27	143240208.00
24364.80	3797.48	  29.39	 129.23	152924128.00
24174.72	3767.95	  29.14	 129.32	141079936.00
24195.36	3771.16	  29.14	 129.42	159856480.00
24013.92	3742.98	  28.95	 129.30	152674848.00
24881.04	3877.67	  29.94	 129.51	159294192.00
24038.40	3746.78	  28.97	 129.36	155428544.00
24608.40	3835.32	  29.66	 129.33	153086512.00
24342.48	3794.01	  29.30	 129.48	147592112.00
23963.04	3735.07	  28.90	 129.25	146545072.00
23868.24	3720.35	  28.80	 129.16	155595488.00
24329.76	3792.04	  29.34	 129.27	149159152.00
24045.60	3747.90	  28.94	 129.50	139972016.00
24012.72	3742.79	  28.94	 129.35	146546928.00
25243.20	3933.92	  30.41	 129.37	158474352.00
24181.68	3769.03	  29.16	 129.23	141697344.00
24315.36	3789.80	  29.29	 129.41	140955808.00
23761.92	3703.83	  28.67	 129.19	144243344.00
24608.88	3835.40	  29.65	 129.36	147008000.00
24033.84	3746.07	  29.00	 129.16	151780432.00
24220.80	3775.11	  29.19	 129.34	146378320.00
24673.44	3845.42	  29.71	 129.41	145566368.00
24212.16	3773.77	  29.14	 129.51	145816816.00
24906.24	3881.58	  30.03	 129.26	147911584.00
24649.92	3841.77	  29.67	 129.48	153238688.00
23351.76	3640.12	  28.18	 129.18	149570208.00
23810.88	3711.43	  28.72	 129.22	132786944.00
24222.72	3775.41	  29.20	 129.29	151646128.00
24574.56	3830.06	  29.60	 129.38	141667088.00
24179.76	3768.73	  29.15	 129.29	138860976.00
24012.00	3742.68	  28.94	 129.34	144478496.00
24441.84	3809.44	  29.48	 129.23	151431840.00
24486.24	3816.34	  29.48	 129.46	149061984.00
24157.44	3765.27	  29.12	 129.31	152223792.00
23787.84	3707.86	  28.72	 129.11	143152528.00
24870.96	3876.10	  29.95	 129.43	152575312.00
24250.56	3779.73	  29.22	 129.36	153844592.00
24614.40	3836.25	  29.64	 129.45	153206096.00
24206.64	3772.91	  29.18	 129.30	137339936.00
24101.52	3756.58	  29.04	 129.37	140725840.00
24376.08	3799.23	  29.40	 129.21	143878640.00
23778.96	3706.48	  28.68	 129.26	150331328.00
24375.36	3799.12	  29.34	 129.50	149176768.00
24551.04	3826.41	  29.58	 129.34	148184304.00
24788.16	3863.24	  29.83	 129.53	139570688.00
24635.76	3839.57	  29.67	 129.40	154665168.00
23447.76	3655.03	  28.29	 129.21	142558240.00
23314.08	3634.27	  28.10	 129.33	144596400.00
24531.84	3823.43	  29.58	 129.27	149010240.00
24351.84	3795.46	  29.33	 129.40	139692000.00
25295.52	3942.05	  30.42	 129.60	155410848.00
23546.40	3670.35	  28.39	 129.29	149218720.00
25063.20	3905.96	  30.20	 129.35	135212304.00
24407.76	3804.15	  29.44	 129.22	145691456.00
24232.08	3776.86	  29.22	 129.25	145046352.00
24520.56	3821.67	  29.56	 129.27	157438400.00
24186.72	3769.81	  29.13	 129.41	139359312.00
24804.24	3865.74	  29.88	 129.38	155736624.00
24107.04	3757.44	  29.05	 129.36	144457568.00
24738.72	3855.56	  29.78	 129.48	136083296.00
23434.56	3652.98	  28.31	 129.04	140390160.00
24234.72	3777.27	  29.21	 129.32	146631088.00
23689.44	3692.57	  28.60	 129.09	138740256.00
24399.36	3802.85	  29.39	 129.41	145426336.00
23927.28	3729.52	  28.83	 129.37	147167664.00